naiverule,distinct_vals,pct_in_rule_noshow,pct_out_rule_noshow,pvalue
 Scholarship=0 ,2,0.278678146366,0.350090307044,1.48837220843e-34
 Hipertension=0 ,2,0.299255420104,0.23523150612,1.73108597004e-53
 Diabetes=0 ,2,0.288467207646,0.249581551051,1.31531298101e-09
 Alcoholism=0 ,2,0.283989647972,0.340834248079,1.14612059133e-07
 SMS_received=0 ,2,0.294129330647,0.276651727628,3.17481559714e-07
 Noshow='No' ,2,0.0,1.0,0.0
 dayidx=2 ,6,0.300332837618,0.281706069255,1.20090635007e-05
 dayidx=4 ,6,0.271463959882,0.289824877527,4.91321558536e-06
 dayidx=5 ,6,0.274515184779,0.287506791633,0.00574201498177
 lead_time=0 ,3,0.260986728347,0.328576511049,1.45969346797e-80
 lead_time=1 ,3,0.327937431793,0.272340345746,2.01573575639e-43
 lead_time=2 ,3,0.329773940702,0.279082343302,7.23172160535e-23
 con_handycaps=1 ,3,0.250632911392,0.286074326588,0.00739934340569
 agegroup='minor' ,5,0.329818311364,0.27431756672,1.02770614307e-38
 agegroup='young' ,5,0.335100931331,0.261970582649,7.87904106902e-89
 agegroup='middle' ,5,0.243010932154,0.307662116785,4.04455082949e-72
 agegroup='advanced' ,5,0.206722319859,0.297279494104,3.41217813613e-71
 townsize='small' ,3,0.270227835735,0.296086671363,9.87485618826e-14
 townsize='medium' ,3,0.30737833595,0.277219133247,3.62431412468e-15
 Neighbourhood=2 ,80,0.322125084062,0.284675377884,0.00156000878127
 Neighbourhood=10 ,80,0.324487334138,0.284523984157,0.00037092180455
 Neighbourhood=17 ,80,0.198156682028,0.285745069026,0.00433919709994
 Neighbourhood=18 ,80,0.219020172911,0.285804752378,0.00600171371492
 Neighbourhood=20 ,80,0.219739292365,0.285982306504,0.000709756136541
 Neighbourhood=24 ,80,0.234025559105,0.286412155856,4.75693453349e-05
 Neighbourhood=26 ,80,0.229007633588,0.285899803763,0.0040697668915
 Neighbourhood=28 ,80,0.383799421408,0.28399063831,1.62409376375e-12
 Neighbourhood=34 ,80,0.325016857721,0.28461482186,0.000654013343065
 Neighbourhood=36 ,80,0.240054869684,0.285952039827,0.00634354436276
 Neighbourhood=37 ,80,0.365442764579,0.28273073334,4.54469137008e-18
 Neighbourhood=39 ,80,0.2591148372,0.287562404365,1.41102491605e-05
 Neighbourhood=40 ,80,0.224706328155,0.287859619878,1.83800870587e-12
 Neighbourhood=41 ,80,0.38027332145,0.283131557708,2.86105441382e-18
 Neighbourhood=44 ,80,0.311539536183,0.284064665127,0.000392815575348
 Neighbourhood=47 ,80,0.219088937093,0.28591405135,0.00154360589968
 Neighbourhood=59 ,80,0.230636833046,0.285932964605,0.00329437568803
 Neighbourhood=70 ,80,0.256603773585,0.286145549401,0.00992736496107
 Neighbourhood=71 ,80,0.350407450524,0.284664124462,2.23492809481e-05
 Neighbourhood=78 ,80,0.193251533742,0.28590544157,0.000219517709786
 Neighbourhood=81 ,80,0.229845626072,0.285941223193,0.00282266011168
 Handcap=1 ,5,0.250632911392,0.286074326588,0.00739934340569
